[0.7017199993133545, 0.7317620515823364, 0.7988904118537903, 0.6464646458625793, 0.714640200138092, 0.4547675848007202, 0.8069584736251403, 0.8582375478927203, 0.6239554317548747, 0.7225806451612903] {'learning_rate': 8.703325065839398e-05, 'seed': 84, 'per_gpu_batch_size': 53}. 
[0.8376765847206116, 0.6711559891700745, 0.7770800590515137, 0.5555555820465088, 0.6479057669639587, 0.2832191288471222, 0.745230078563412, 0.851063829787234, 0.4456824512534819, 0.5850091407678245] {'learning_rate': 4.594259856538523e-05, 'seed': 80, 'per_gpu_batch_size': 114}. 
[0.7002742886543274, 0.7272727489471436, 0.7875862121582031, 0.6408529877662659, 0.7066832780838013, 0.43742626905441284, 0.8159371492704826, 0.8679245283018868, 0.6406685236768802, 0.7371794871794872] {'learning_rate': 8.267128286191805e-05, 'seed': 80, 'per_gpu_batch_size': 52}. 
[0.7298693060874939, 0.7171717286109924, 0.8080357313156128, 0.6094276309013367, 0.6948177218437195, 0.404446542263031, 0.8092031425364759, 0.8764940239043825, 0.6128133704735376, 0.7213114754098361] {'learning_rate': 7.878315033152561e-05, 'seed': 91, 'per_gpu_batch_size': 106}. 
[0.9156015515327454, 0.6352413296699524, 0.7403846383094788, 0.5185185074806213, 0.6099010109901428, 0.20000000298023224, 0.6778900112233446, 0.839622641509434, 0.2479108635097493, 0.38279569892473125] {'learning_rate': 1.766161355175492e-05, 'seed': 74, 'per_gpu_batch_size': 125}. 
[0.7929564714431763, 0.6947250366210938, 0.7949921488761902, 0.5701459050178528, 0.6640523076057434, 0.3485892117023468, 0.7699214365881033, 0.85, 0.520891364902507, 0.6459412780656304] {'learning_rate': 3.957882709371777e-05, 'seed': 97, 'per_gpu_batch_size': 70}. 
[0.8082689642906189, 0.6891133785247803, 0.7832278609275818, 0.5555555820465088, 0.6500328183174133, 0.30015015602111816, 0.7699214365881033, 0.8774509803921569, 0.4986072423398329, 0.635879218472469] {'learning_rate': 4.5031247608533276e-05, 'seed': 71, 'per_gpu_batch_size': 115}. 
[0.6916842460632324, 0.7396184206008911, 0.8046448230743408, 0.6610549688339233, 0.7258164286613464, 0.44312310218811035, 0.8271604938271605, 0.8782287822878229, 0.6629526462395543, 0.7555555555555555] {'learning_rate': 9.110151063253796e-05, 'seed': 76, 'per_gpu_batch_size': 36}. 
[0.7691821455955505, 0.7081930637359619, 0.802413284778595, 0.5970819592475891, 0.684684693813324, 0.3696112036705017, 0.7833894500561167, 0.8705357142857143, 0.5431754874651811, 0.6689536878216125] {'learning_rate': 5.5769276147046054e-05, 'seed': 85, 'per_gpu_batch_size': 86}. 
[0.7464041709899902, 0.7250280380249023, 0.8063063025474548, 0.6026936173439026, 0.6897880434989929, 0.38495302200317383, 0.8058361391694725, 0.875, 0.6044568245125348, 0.71499176276771] {'learning_rate': 3.312284695601552e-05, 'seed': 94, 'per_gpu_batch_size': 39}. 
[0.7304702401161194, 0.7239057421684265, 0.795976996421814, 0.6217733025550842, 0.6981726288795471, 0.4005277454853058, 0.797979797979798, 0.8744769874476988, 0.5821727019498607, 0.6989966555183946] {'learning_rate': 6.875503000578997e-05, 'seed': 84, 'per_gpu_batch_size': 97}. 
[0.6975006461143494, 0.7283950448036194, 0.7841529846191406, 0.6442199945449829, 0.7073320746421814, 0.428438663482666, 0.8159371492704826, 0.862453531598513, 0.6462395543175488, 0.7388535031847133] {'learning_rate': 9.983910512921392e-05, 'seed': 86, 'per_gpu_batch_size': 47}. 
[0.7780265808105469, 0.7037037014961243, 0.7937219738960266, 0.5959596037864685, 0.6807692646980286, 0.3518597185611725, 0.7744107744107744, 0.8726415094339622, 0.5153203342618384, 0.647985989492119] {'learning_rate': 2.383896015755813e-05, 'seed': 92, 'per_gpu_batch_size': 42}. 
[0.7806044220924377, 0.7048260569572449, 0.8024691343307495, 0.583613932132721, 0.6757634878158569, 0.356611967086792, 0.7878787878787878, 0.8663793103448276, 0.5598885793871866, 0.6802030456852792] {'learning_rate': 6.293218453116703e-05, 'seed': 97, 'per_gpu_batch_size': 75}. 
[0.7106461524963379, 0.7306397557258606, 0.8044692873954773, 0.6464646458625793, 0.716863751411438, 0.451987087726593, 0.8047138047138047, 0.8490566037735849, 0.6267409470752089, 0.7211538461538461] {'learning_rate': 9.936944278561007e-05, 'seed': 88, 'per_gpu_batch_size': 97}. 
[0.6994386315345764, 0.7362514138221741, 0.7977369427680969, 0.6329966187477112, 0.7058823108673096, 0.4320800304412842, 0.8226711560044894, 0.8736059479553904, 0.6545961002785515, 0.7484076433121019] {'learning_rate': 7.742265252580206e-05, 'seed': 91, 'per_gpu_batch_size': 43}. 
[0.7535823583602905, 0.7104377150535583, 0.8015037775039673, 0.5982042551040649, 0.6850900053977966, 0.3884457051753998, 0.7946127946127947, 0.8697478991596639, 0.5766016713091922, 0.6934673366834171] {'learning_rate': 6.123595667866011e-05, 'seed': 98, 'per_gpu_batch_size': 77}. 
[0.7637967467308044, 0.7059483528137207, 0.7969924807548523, 0.5948372483253479, 0.6812338829040527, 0.38016512989997864, 0.7856341189674523, 0.8471074380165289, 0.5710306406685237, 0.6821963394342763] {'learning_rate': 8.074883691268609e-05, 'seed': 97, 'per_gpu_batch_size': 127}. 
[0.729655921459198, 0.7317620515823364, 0.8049490451812744, 0.6206509470939636, 0.700887143611908, 0.40857720375061035, 0.8080808080808081, 0.873015873015873, 0.6128133704735376, 0.7201309328968903] {'learning_rate': 6.599072520749751e-05, 'seed': 90, 'per_gpu_batch_size': 73}. 
[0.7206975221633911, 0.7171717286109924, 0.795714259147644, 0.6251403093338013, 0.7001885771751404, 0.41164642572402954, 0.8035914702581369, 0.8458646616541353, 0.6267409470752089, 0.72] {'learning_rate': 4.628100671707618e-05, 'seed': 79, 'per_gpu_batch_size': 21}. 
[0.7136240601539612, 0.7306397557258606, 0.8067227005958557, 0.6464646458625793, 0.717756986618042, 0.4425273537635803, 0.8114478114478114, 0.8835341365461847, 0.6128133704735376, 0.7236842105263157] {'learning_rate': 5.502479319293468e-05, 'seed': 92, 'per_gpu_batch_size': 42}. 
[0.9069501161575317, 0.6442199945449829, 0.7235649824142456, 0.537598192691803, 0.6168705224990845, 0.21377801895141602, 0.6767676767676768, 0.8901098901098901, 0.22562674094707522, 0.36] {'learning_rate': 2.263154233181594e-05, 'seed': 87, 'per_gpu_batch_size': 117}. 

[0.7067496180534363, 0.7227833867073059, 0.8045325875282288, 0.6374859809875488, 0.7113337516784668, 0.416835218667984, 0.8013468013468014, 0.8760330578512396, 0.5905292479108635, 0.7054908485856904] {'learning_rate': 6.612806487358391e-05, 'seed': 99, 'per_gpu_batch_size': 48}. 
[0.6810070276260376, 0.7340067625045776, 0.7949061393737793, 0.665544331073761, 0.724496066570282, 0.46197906136512756, 0.8260381593714927, 0.8669064748201439, 0.6713091922005571, 0.7566718995290425] {'learning_rate': 9.078683550131453e-05, 'seed': 94, 'per_gpu_batch_size': 22}. 
[0.711346447467804, 0.7272727489471436, 0.7889655232429504, 0.6419752836227417, 0.7079207301139832, 0.4248162806034088, 0.813692480359147, 0.8906882591093117, 0.6128133704735376, 0.726072607260726] {'learning_rate': 8.472014416035426e-05, 'seed': 93, 'per_gpu_batch_size': 64}. 
